camera.X/2019-05-20_13:56:37.931800.jpeg
camera.X/2019-05-20_14:26:48.190531.jpeg
~$rtaResponsivaTT_20191.docx
